style	freq	prob	cfreq	cprob	count	cfrac
17387	91706	0.1041	91706	0.1041	1	0.009174
28825	63155	0.07169	154861	0.1758	2	0.01835
13916	61719	0.07006	216580	0.2459	3	0.02752
6089	35376	0.04016	251956	0.286	4	0.0367
12677	35053	0.03979	287009	0.3258	5	0.04587
1026	32955	0.03741	319964	0.3632	6	0.05505
9284	32861	0.0373	352825	0.4005	7	0.06422
6935	24159	0.02742	376984	0.4279	8	0.07339
8361	22945	0.02605	399929	0.454	9	0.08257
3553	21303	0.02418	421232	0.4782	10	0.09174
25106	18704	0.02123	439936	0.4994	11	0.1009
28755	18191	0.02065	458127	0.5201	12	0.1101
5271	17079	0.01939	475206	0.5394	13	0.1193
13584	17042	0.01935	492248	0.5588	14	0.1284
26068	15183	0.01724	507431	0.576	15	0.1376
25835	14603	0.01658	522034	0.5926	16	0.1468
3885	13928	0.01581	535962	0.6084	17	0.156
11837	13878	0.01575	549840	0.6242	18	0.1651
10284	13332	0.01513	563172	0.6393	19	0.1743
23905	12837	0.01457	576009	0.6539	20	0.1835
8872	12627	0.01433	588636	0.6682	21	0.1927
5156	11862	0.01347	600498	0.6817	22	0.2018
11414	11649	0.01322	612147	0.6949	23	0.211
28714	11248	0.01277	623395	0.7077	24	0.2202
7081	10884	0.01236	634279	0.72	25	0.2294
9705	10333	0.01173	644612	0.7317	26	0.2385
29760	10123	0.01149	654735	0.7432	27	0.2477
29676	9929	0.01127	664664	0.7545	28	0.2569
8598	9779	0.0111	674443	0.7656	29	0.2661
24013	9313	0.01057	683756	0.7762	30	0.2752
11268	9004	0.01022	692760	0.7864	31	0.2844
20702	8722	0.009901	701482	0.7963	32	0.2936
26051	8307	0.00943	709789	0.8057	33	0.3028
668	6848	0.007774	716637	0.8135	34	0.3119
6238	6778	0.007694	723415	0.8212	35	0.3211
29926	6194	0.007031	729609	0.8282	36	0.3303
13731	5903	0.006701	735512	0.8349	37	0.3394
8776	5801	0.006585	741313	0.8415	38	0.3486
5412	5628	0.006389	746941	0.8479	39	0.3578
18275	5523	0.00627	752464	0.8542	40	0.367
14168	5503	0.006247	757967	0.8604	41	0.3761
5724	5491	0.006233	763458	0.8667	42	0.3853
16154	5489	0.006231	768947	0.8729	43	0.3945
17985	5460	0.006198	774407	0.8791	44	0.4037
440	5411	0.006142	779818	0.8852	45	0.4128
14386	5379	0.006106	785197	0.8913	46	0.422
3247	5152	0.005848	790349	0.8972	47	0.4312
19511	4780	0.005426	795129	0.9026	48	0.4404
18453	4753	0.005395	799882	0.908	49	0.4495
23668	4551	0.005166	804433	0.9132	50	0.4587
1060	4374	0.004965	808807	0.9181	51	0.4679
9360	4082	0.004634	812889	0.9228	52	0.4771
24053	3915	0.004444	816804	0.9272	53	0.4862
22703	3809	0.004324	820613	0.9315	54	0.4954
27451	3590	0.004075	824203	0.9356	55	0.5046
11507	3542	0.004021	827745	0.9396	56	0.5138
9175	3401	0.003861	831146	0.9435	57	0.5229
24942	3316	0.003764	834462	0.9473	58	0.5321
19662	3206	0.003639	837668	0.9509	59	0.5413
26661	3032	0.003442	840700	0.9543	60	0.5505
23458	2693	0.003057	843393	0.9574	61	0.5596
24823	2567	0.002914	845960	0.9603	62	0.5688
16439	2435	0.002764	848395	0.9631	63	0.578
10422	2366	0.002686	850761	0.9658	64	0.5872
24238	2048	0.002325	852809	0.9681	65	0.5963
25068	1946	0.002209	854755	0.9703	66	0.6055
27731	1743	0.001979	856498	0.9723	67	0.6147
4695	1640	0.001862	858138	0.9741	68	0.6239
1767	1561	0.001772	859699	0.9759	69	0.633
21816	1526	0.001732	861225	0.9776	70	0.6422
14932	1503	0.001706	862728	0.9793	71	0.6514
14696	1428	0.001621	864156	0.981	72	0.6606
6528	1426	0.001619	865582	0.9826	73	0.6697
20967	1264	0.001435	866846	0.984	74	0.6789
27913	1183	0.001343	868029	0.9854	75	0.6881
20577	1018	0.001156	869047	0.9865	76	0.6972
1710	981	0.001114	870028	0.9876	77	0.7064
9964	955	0.001084	870983	0.9887	78	0.7156
12050	923	0.001048	871906	0.9898	79	0.7248
16203	908	0.001031	872814	0.9908	80	0.7339
1796	890	0.00101	873704	0.9918	81	0.7431
21725	857	0.0009728	874561	0.9928	82	0.7523
3517	840	0.0009535	875401	0.9937	83	0.7615
20342	781	0.0008866	876182	0.9946	84	0.7706
14895	601	0.0006822	876783	0.9953	85	0.7798
5830	536	0.0006085	877319	0.9959	86	0.789
24965	517	0.0005869	877836	0.9965	87	0.7982
13706	412	0.0004677	878248	0.997	88	0.8073
14862	378	0.0004291	878626	0.9974	89	0.8165
26523	363	0.0004121	878989	0.9978	90	0.8257
9701	305	0.0003462	879294	0.9982	91	0.8349
23221	270	0.0003065	879564	0.9985	92	0.844
9852	258	0.0002929	879822	0.9988	93	0.8532
11395	182	0.0002066	880004	0.999	94	0.8624
6373	170	0.000193	880174	0.9991	95	0.8716
9983	156	0.0001771	880330	0.9993	96	0.8807
24117	148	0.000168	880478	0.9995	97	0.8899
22900	129	0.0001464	880607	0.9996	98	0.8991
6684	60	6.811e-05	880667	0.9997	99	0.9083
26775	52	5.903e-05	880719	0.9998	100	0.9174
4396	43	4.881e-05	880762	0.9998	101	0.9266
5056	32	3.633e-05	880794	0.9999	102	0.9358
7365	30	3.406e-05	880824	0.9999	103	0.945
28651	26	2.951e-05	880850	0.9999	104	0.9541
16552	26	2.951e-05	880876	0.9999	105	0.9633
17202	21	2.384e-05	880897	1	106	0.9725
29578	18	2.043e-05	880915	1	107	0.9817
28642	7	7.946e-06	880922	1	108	0.9908
18365	1	1.135e-06	880923	1	109	1
